0 0.651843 0.754393 0.106066 0.231879
0 0.475266 0.786088 0.0986572 0.263028
9 0.53327 0.119957 0.0281551 0.103366
11 0.0740879 0.420076 0.0425707 0.0980025
3 0.938062 0.891172 0.122788 0.21606
0 0.349415 0.776503 0.118592 0.274896
3 0.655913 0.848002 0.0773996 0.162357
0 0.940166 0.789031 0.118497 0.415238
0 0.289193 0.742178 0.0497298 0.144622
3 0.349532 0.833643 0.119553 0.177803
3 0.494617 0.847308 0.0854855 0.160861
0 0.282261 0.745398 0.0547617 0.122989
3 0.279301 0.787805 0.0563145 0.0859701
9 0.0992435 0.447464 0.0344107 0.103366
0 0.228749 0.739435 0.0139284 0.0309395
0 0.277264 0.761085 0.0493234 0.106763
9 0.442179 0.122766 0.0661341 0.0695449
3 0.481619 0.836857 0.105535 0.177631
0 0.315292 0.713355 0.0258653 0.0751022
3 0.58231 0.777136 0.0462317 0.0567621
