2 0.810295 0.826 0.376654 0.346294
0 0.548782 0.871474 0.136829 0.256254
2 0.283499 0.881264 0.348447 0.236947
0 0.446093 0.862945 0.0566694 0.221202
0 0.691686 0.86194 0.147141 0.275251
9 0.929304 0.457794 0.0282356 0.072098
9 0.96114 0.488243 0.0340572 0.136469
9 0.963321 0.509164 0.0288492 0.0937805
0 0.503778 0.876777 0.0603863 0.231135
9 0.363394 0.498114 0.0266113 0.0889806
9 0.362716 0.521947 0.0323748 0.139067
9 0.960141 0.467391 0.0290714 0.0942799
2 0.40512 0.793352 0.0599207 0.0726629
