2 0.598619 0.678668 0.167875 0.186122
0 0.484312 0.675117 0.0507247 0.176952
2 0.769459 0.578941 0.0933286 0.0892859
0 0.24062 0.783148 0.128928 0.432224
9 0.279589 0.336437 0.0385749 0.127349
0 0.827386 0.659935 0.0740894 0.183805
2 0.0958223 0.551736 0.0459569 0.0556089
0 0.380329 0.734364 0.0497088 0.435605
0 0.381504 0.561817 0.0350947 0.0908872
1 0.789675 0.733322 0.0342861 0.116425
2 0.222166 0.546974 0.0548316 0.05245
5 0.495115 0.554608 0.0468308 0.0635441
1 0.932837 0.754363 0.0420677 0.136861
