9 0.960205 0.303522 0.0446682 0.169101
2 0.419226 0.569729 0.202785 0.103741
2 0.332007 0.5568 0.105348 0.0843084
2 0.686222 0.579967 0.14107 0.0835199
3 0.873673 0.626921 0.0644287 0.0701472
0 0.725292 0.882125 0.183468 0.235232
2 0.846449 0.565599 0.0944538 0.0774475
0 0.514293 0.82105 0.0992499 0.307132
0 0.0414184 0.772066 0.0827122 0.236832
0 0.79237 0.74563 0.0834184 0.222551
0 0.601575 0.848061 0.122935 0.30116
3 0.0631315 0.909803 0.126263 0.179665
17 0.724927 0.881754 0.181682 0.235597
9 0.193991 0.345719 0.0387671 0.114686
2 0.943339 0.579566 0.080854 0.0862431
2 0.0347819 0.528467 0.0692117 0.0579521
0 0.681123 0.686966 0.0524435 0.124868
0 0.234164 0.883503 0.152664 0.229246
0 0.318614 0.898748 0.231022 0.202125
