0 0.555502 0.729548 0.14569 0.395407
9 0.756063 0.0866922 0.0760515 0.155231
9 0.825011 0.104493 0.0563664 0.207625
3 0.680301 0.639188 0.0669042 0.067227
2 0.630693 0.613072 0.0901734 0.0920746
0 0.891438 0.639538 0.0554665 0.148104
3 0.56136 0.900661 0.0971846 0.193616
0 0.224092 0.63427 0.0305156 0.105315
2 0.511131 0.595777 0.0300745 0.0417803
0 0.4863 0.612524 0.0230768 0.0677346
1 0.892736 0.690894 0.0481266 0.0849216
3 0.972636 0.641413 0.0443199 0.0652478
3 0.892327 0.687164 0.0504807 0.0933899
3 0.493995 0.693341 0.0538402 0.112144
1 0.801102 0.639145 0.0251144 0.0553764
