2 0.8878 0.74171 0.223066 0.33704
0 0.233209 0.788969 0.0929392 0.289651
0 0.478685 0.733549 0.0812411 0.24543
0 0.549761 0.729579 0.081334 0.198036
9 0.378568 0.082623 0.0286376 0.145875
0 0.321618 0.757935 0.0665438 0.214826
1 0.215737 0.877545 0.0626804 0.169475
0 0.430788 0.71326 0.0421013 0.140793
1 0.313694 0.819294 0.0590982 0.14549
1 0.558433 0.80739 0.0572187 0.163073
0 0.386193 0.740623 0.0563816 0.192297
1 0.717502 0.725702 0.0387232 0.0783899
1 0.28004 0.79026 0.0309319 0.0868727
1 0.480875 0.791427 0.0805148 0.175491
1 0.428547 0.756455 0.0313438 0.0909588
0 0.276081 0.706429 0.0379959 0.092452
1 0.383724 0.797131 0.05049 0.134438
