7 0.387439 0.624372 0.214826 0.403458
3 0.684564 0.688744 0.0323709 0.0612347
0 0.682246 0.634774 0.0356302 0.0963676
3 0.627134 0.648838 0.032057 0.0704469
0 0.897823 0.64432 0.0421362 0.156639
0 0.624002 0.618528 0.0362289 0.090839
7 0.529993 0.564714 0.0949084 0.187471
0 0.682202 0.612734 0.0339325 0.0526358
5 0.530373 0.561687 0.0929946 0.192093
1 0.767199 0.661862 0.0373963 0.0529974
0 0.79929 0.653043 0.0343429 0.0762798
9 0.956321 0.351201 0.0287962 0.0425023
3 0.627075 0.643213 0.0392673 0.0828657
