2 0.36199 0.61431 0.190887 0.137835
7 0.859686 0.724818 0.27974 0.546522
2 0.213188 0.607866 0.11783 0.0946957
9 0.220274 0.317538 0.0566649 0.150931
9 0.497136 0.109004 0.0729742 0.0534094
9 0.883231 0.285353 0.0352331 0.0867602
9 0.919721 0.301875 0.0406349 0.135877
2 0.506041 0.58122 0.112698 0.13622
9 0.375515 0.0798668 0.0877255 0.0819296
7 0.50669 0.581703 0.111736 0.135288
2 0.25181 0.577063 0.0743029 0.0669599
3 0.633498 0.78665 0.153535 0.425229
0 0.681561 0.638294 0.070388 0.124273
0 0.648448 0.784446 0.131221 0.430603
2 0.731148 0.60574 0.108499 0.13433
0 0.601103 0.779811 0.0965763 0.409172
