2 0.365613 0.613513 0.181253 0.136901
3 0.649098 0.906994 0.109481 0.184879
2 0.214224 0.607854 0.117033 0.0936314
7 0.858981 0.728035 0.280504 0.540861
2 0.50771 0.580956 0.112051 0.135682
9 0.219728 0.316128 0.0551968 0.146989
9 0.496818 0.109143 0.0727249 0.0553888
2 0.25362 0.579405 0.0755206 0.0715792
9 0.375064 0.0792336 0.0852604 0.0814932
0 0.681244 0.634829 0.0727632 0.152473
9 0.883089 0.283865 0.034938 0.089529
9 0.919465 0.302372 0.0344059 0.135971
0 0.530727 0.739991 0.0603985 0.262483
0 0.595093 0.787386 0.101292 0.425228
2 0.720294 0.614711 0.133086 0.153164
9 0.676601 0.443442 0.0181948 0.0549758
9 0.928635 0.390863 0.018951 0.0380971
0 0.617422 0.678639 0.0592285 0.207999
