0 0.682992 0.77456 0.156066 0.449829
0 0.15097 0.799041 0.163333 0.400734
9 0.467852 0.168239 0.0634823 0.302487
0 0.873134 0.772986 0.166769 0.396369
0 0.0175445 0.611071 0.0347371 0.27624
0 0.428066 0.783112 0.10095 0.382982
3 0.895081 0.854092 0.207645 0.288956
0 0.596525 0.787856 0.110175 0.423173
9 0.519217 0.234444 0.0502717 0.153493
3 0.11948 0.926012 0.14841 0.146775
3 0.339083 0.908793 0.16082 0.181873
0 0.907348 0.763486 0.105245 0.417044
9 0.483838 0.169706 0.0965605 0.308059
3 0.756133 0.803942 0.0775197 0.239657
