0 0.557798 0.726023 0.140143 0.392657
3 0.560971 0.900067 0.101037 0.198785
0 0.892445 0.637581 0.0532221 0.143304
9 0.755865 0.08754 0.0739754 0.156382
9 0.825792 0.105773 0.0583956 0.211546
2 0.629947 0.61202 0.0875055 0.093077
3 0.679892 0.637987 0.0689312 0.0692493
0 0.223007 0.632962 0.0321985 0.111423
3 0.973053 0.643592 0.0358397 0.0574139
1 0.277792 0.654852 0.0353306 0.0626796
3 0.490802 0.693485 0.0474906 0.109956
3 0.485859 0.62527 0.0213213 0.0463137
3 0.892648 0.688704 0.0505396 0.0891132
2 0.510382 0.599137 0.031494 0.0424859
0 0.0122283 0.974077 0.0242444 0.0511742
0 0.46549 0.591456 0.0184681 0.0358349
