2 0.266321 0.880794 0.329567 0.237971
0 0.548503 0.870523 0.133889 0.257823
9 0.572157 0.318117 0.0734007 0.0443787
9 0.363138 0.52195 0.0294178 0.138288
0 0.447609 0.862309 0.0593679 0.216669
2 0.820068 0.824258 0.357763 0.350016
9 0.927513 0.458609 0.0248783 0.0702107
0 0.503414 0.864971 0.0583141 0.217576
9 0.961245 0.486609 0.0325214 0.141278
9 0.963698 0.509889 0.0285107 0.0937225
1 0.442786 0.936486 0.0479258 0.12569
0 0.0126393 0.934258 0.0249169 0.129399
0 0.504491 0.834945 0.0572847 0.152743
24 0.706316 0.947239 0.089434 0.104774
