2 0.887671 0.746756 0.223958 0.349328
0 0.231615 0.788131 0.0928311 0.285003
0 0.320723 0.761511 0.0627934 0.223275
0 0.482373 0.738436 0.0768141 0.256365
9 0.378919 0.0830256 0.0293388 0.145637
0 0.558815 0.727072 0.0611298 0.190691
1 0.55549 0.80618 0.0507259 0.163589
1 0.21245 0.875587 0.0589401 0.172171
9 0.281308 0.148906 0.0592681 0.0660808
1 0.305249 0.818452 0.0627453 0.14683
0 0.388001 0.738676 0.0561749 0.188787
1 0.715939 0.721029 0.0383968 0.0880282
1 0.429398 0.759098 0.0299952 0.0886712
1 0.387488 0.794867 0.041721 0.132265
0 0.714015 0.705237 0.0417561 0.0917242
0 0.430311 0.707517 0.0444206 0.131518
1 0.479869 0.806272 0.0636333 0.154252
1 0.279168 0.790964 0.0332702 0.0875772
9 0.225187 0.419955 0.0180421 0.0653156
1 0.479819 0.807133 0.0433321 0.140673
1 0.311241 0.827212 0.0477373 0.128838
9 0.389208 0.540064 0.022227 0.0425524
0 0.276586 0.706886 0.0382095 0.0941759
9 0.0664285 0.487192 0.0336828 0.143798
