0 0.558641 0.815146 0.259184 0.368479
0 0.0764605 0.810365 0.15171 0.377178
2 0.267225 0.556056 0.111831 0.0571558
0 0.235341 0.785753 0.148967 0.427581
0 0.854666 0.737695 0.109156 0.358912
74 0.551636 0.320957 0.0188498 0.0281913
9 0.874456 0.32102 0.0328718 0.129741
3 0.889996 0.827265 0.206187 0.293545
0 0.442382 0.767028 0.120231 0.342004
3 0.905738 0.855 0.151281 0.239727
9 0.874791 0.302331 0.0322662 0.0910932
0 0.974154 0.798077 0.0511902 0.253524
0 0.216961 0.553054 0.0213423 0.0523203
