0 0.348153 0.785711 0.122977 0.261908
0 0.651906 0.75369 0.104491 0.229117
11 0.0755043 0.41993 0.0438734 0.0990056
0 0.477339 0.787381 0.10316 0.261845
9 0.53305 0.121023 0.0274942 0.105568
0 0.283722 0.738406 0.0511432 0.138565
3 0.492866 0.848669 0.0892968 0.157883
3 0.656371 0.849163 0.0733475 0.160173
3 0.361853 0.841867 0.0937311 0.156534
0 0.942208 0.786272 0.11494 0.419808
2 0.424305 0.755311 0.0654597 0.0554829
9 0.442505 0.123081 0.0649706 0.0670872
1 0.279641 0.78666 0.0569127 0.0867678
0 0.228786 0.738023 0.0132013 0.0323998
3 0.937473 0.887367 0.123528 0.222921
9 0.099843 0.446406 0.0333191 0.106007
3 0.561394 0.773272 0.0842203 0.0659746
24 0.359814 0.735222 0.0545741 0.0767651
9 0.100868 0.456629 0.0293135 0.0807608
0 0.315078 0.712768 0.0237323 0.0736479
