2 0.41855 0.568046 0.200116 0.101707
9 0.959924 0.304491 0.0459751 0.173928
2 0.68993 0.580424 0.134028 0.0885484
2 0.334382 0.554279 0.102903 0.0796436
0 0.605145 0.841015 0.12833 0.31074
2 0.847229 0.567317 0.0962721 0.0808295
0 0.723124 0.881771 0.183321 0.23577
26 0.165598 0.797517 0.079064 0.128194
2 0.904912 0.580396 0.150447 0.0932119
2 0.987266 0.569633 0.0248188 0.0614532
0 0.515226 0.818209 0.0966186 0.308252
9 0.532931 0.0942022 0.0806967 0.0450178
9 0.194116 0.341929 0.0371206 0.121909
0 0.792671 0.738275 0.0796347 0.218275
0 0.231886 0.882716 0.148525 0.232407
0 0.339706 0.878823 0.202481 0.241473
3 0.871988 0.623496 0.0618763 0.0787844
0 0.0414873 0.766325 0.082638 0.228828
0 0.680085 0.680661 0.0531023 0.120377
0 0.0923187 0.666211 0.0515276 0.147831
3 0.612062 0.612301 0.0702273 0.0727585
0 0.458634 0.713734 0.0615881 0.152877
0 0.706939 0.614501 0.0366436 0.110471
26 0.183603 0.797796 0.0413092 0.127623
3 0.438276 0.872508 0.0846749 0.173013
0 0.120371 0.729898 0.0692671 0.205162
2 0.97735 0.539362 0.0310736 0.0289989
9 0.406264 0.0949829 0.0461931 0.0540662
2 0.0351342 0.529485 0.0695311 0.0611002
