7 0.585593 0.483291 0.378933 0.684329 0.955612
7 0.447507 0.490417 0.3489 0.701476 0.934206
7 0.499585 0.490386 0.34317 0.492839 0.938284
7 0.509788 0.514827 0.182336 0.889766 0.963039
7 0.482136 0.38077 0.418637 0.759329 0.818595
7 0.833728 0.810534 0.0374493 0.115665 0.818862
7 0.991863 0.811472 0.0162733 0.12156 0.56827
7 0.661705 0.80636 0.0452874 0.112414 0.519263
7 0.0555565 0.333233 0.104759 0.301783 0.919734
7 0.951487 0.374219 0.0970257 0.285549 0.903443
7 0.512767 0.357318 0.102109 0.296095 0.902252
7 0.503671 0.46199 0.301003 0.597438 0.944628
7 0.321735 0.446548 0.0847408 0.259421 0.925356
7 0.235748 0.763264 0.0410926 0.132968 0.845201
7 0.613627 0.77941 0.0457937 0.128838 0.822391
7 0.425963 0.770948 0.0423357 0.129023 0.776027
7 0.246085 0.734397 0.0523363 0.150059 0.881249
7 0.670027 0.75207 0.0469773 0.14197 0.850197
7 0.458982 0.745066 0.0489785 0.14121 0.788401
7 0.643385 0.763928 0.0433815 0.130791 0.858359
7 0.838544 0.767369 0.0428743 0.136936 0.837179
7 0.446997 0.757511 0.0439851 0.137886 0.740666
7 0.0258894 0.568752 0.0503695 0.204692 0.514368
7 0.493402 0.43582 0.139171 0.739111 0.939692
20 0.666571 0.485579 0.159639 0.369104 0.784453
20 0.260189 0.35643 0.0821069 0.322915 0.76374
20 0.393598 0.718143 0.111311 0.275807 0.839795
14 0.608344 0.554039 0.204066 0.557531 0.653618
20 0.607969 0.550087 0.207385 0.563133 0.64495
20 0.326045 0.487212 0.307097 0.863086 0.917425
6 0.925636 0.491844 0.148728 0.416621 0.889194
14 0.480364 0.450165 0.20065 0.582435 0.943177
20 0.541168 0.341884 0.616778 0.273755 0.745089
20 0.55616 0.517892 0.42414 0.802357 0.957306
14 0.0560555 0.510626 0.112111 0.790275 0.783754
3 0.387765 0.200834 0.0844609 0.17662 0.81102
14 0.463547 0.136789 0.0504478 0.236958 0.536055
4 0.385945 0.202425 0.0780701 0.176014 0.462815
14 0.472439 0.158625 0.0529447 0.28846 0.323118
14 0.647353 0.355722 0.111268 0.386684 0.893023
14 0.0367824 0.565174 0.0413625 0.18188 0.872728
14 0.499049 0.130901 0.0329647 0.172949 0.782204
14 0.189864 0.218528 0.0625521 0.0904139 0.650314
14 0.937934 0.568817 0.0327055 0.146812 0.389515
14 0.378102 0.090342 0.0251821 0.144639 0.587632
14 0.568526 0.320264 0.0770329 0.047657 0.758956
14 0.958735 0.485553 0.030188 0.139412 0.631591
14 0.360913 0.501995 0.0259479 0.100981 0.468892
14 0.359385 0.518064 0.0281168 0.143487 0.465713
14 0.960356 0.465694 0.0268326 0.104026 0.351475
14 0.623486 0.353578 0.200516 0.150523 0.78662
14 0.661475 0.343178 0.270703 0.143937 0.336165
14 0.456931 0.177909 0.123971 0.354189 0.935936
14 0.969855 0.210273 0.0587017 0.362251 0.909456
14 0.570619 0.50304 0.125974 0.245444 0.926072
14 0.591576 0.527771 0.0623186 0.223981 0.857512
14 0.657832 0.976149 0.0714325 0.047702 0.561765
4 0.50826 0.467356 0.361828 0.421761 0.929535
4 0.438239 0.432887 0.36598 0.366886 0.91382
14 0.0886382 0.64326 0.130583 0.36176 0.444953
4 0.446758 0.373178 0.349734 0.38763 0.926432
4 0.386241 0.415361 0.220886 0.288662 0.914744
15 0.915806 0.290467 0.167427 0.578563 0.317751
4 0.404095 0.567675 0.271599 0.353648 0.92049
4 0.424003 0.441202 0.420148 0.453527 0.919327
14 0.940655 0.157206 0.0878908 0.298815 0.290796
4 0.512462 0.399684 0.381191 0.399389 0.928991
4 0.4567 0.365452 0.415973 0.475196 0.945143
4 0.471898 0.381012 0.332919 0.353509 0.889058
15 0.523521 0.474928 0.163858 0.601564 0.561753
4 0.500934 0.406151 0.32927 0.401465 0.925586
4 0.470503 0.410242 0.364421 0.426254 0.925647
3 0.477723 0.478321 0.3594 0.435414 0.950469
0 0.0503119 0.167434 0.0998478 0.334153 0.748496
3 0.476496 0.549888 0.524774 0.680767 0.940006
3 0.281219 0.610255 0.183506 0.273019 0.943844
3 0.644592 0.288215 0.183065 0.268351 0.930818
3 0.46028 0.435492 0.404482 0.503526 0.954961
3 0.522245 0.475106 0.45461 0.543143 0.948863
3 0.721637 0.268739 0.230465 0.325956 0.947756
3 0.308193 0.622977 0.192372 0.323407 0.904438
3 0.44086 0.431561 0.416084 0.572082 0.940881
3 0.283804 0.432404 0.275207 0.425932 0.957034
3 0.526022 0.467307 0.43527 0.531378 0.962518
3 0.502109 0.512506 0.448982 0.541332 0.941291
3 0.534312 0.396977 0.434697 0.475611 0.948635
3 0.562358 0.503316 0.290183 0.616863 0.958238
0 0.0423771 0.89603 0.0847542 0.205363 0.303173
2 0.413259 0.433343 0.427325 0.810661 0.882131
2 0.531015 0.462491 0.215469 0.275684 0.905605
2 0.506098 0.440609 0.230516 0.329562 0.860821
2 0.678014 0.426296 0.237956 0.257531 0.902363
2 0.38577 0.516614 0.279405 0.292482 0.888528
2 0.623213 0.602304 0.266693 0.265006 0.899142
2 0.440088 0.314352 0.32149 0.372725 0.916194
14 0.021073 0.785524 0.0421461 0.290999 0.358357
2 0.579022 0.59135 0.337408 0.353999 0.905472
2 0.588498 0.586139 0.329083 0.382956 0.907914
2 0.778855 0.474679 0.355569 0.403503 0.923455
2 0.511507 0.241071 0.288556 0.329204 0.911485
2 0.575548 0.416215 0.331945 0.336217 0.908781
15 0.512114 0.343923 0.354597 0.426102 0.942516
15 0.498936 0.353365 0.377034 0.413181 0.945405
15 0.442421 0.373113 0.35506 0.387968 0.941931
15 0.454899 0.432713 0.370368 0.457725 0.947161
15 0.451617 0.491993 0.370179 0.752392 0.931511
15 0.470728 0.475061 0.455744 0.55756 0.916507
15 0.440346 0.431513 0.554223 0.634364 0.950102
15 0.464996 0.477666 0.377543 0.554812 0.956748
15 0.432744 0.374881 0.380533 0.450587 0.949562
15 0.453189 0.508475 0.3585 0.364764 0.872099
15 0.509017 0.51277 0.431272 0.538126 0.939368
15 0.553652 0.459318 0.34524 0.40537 0.935525
1 0.238296 0.267894 0.338492 0.411879 0.963561
1 0.495199 0.472438 0.32905 0.405882 0.905008
1 0.490002 0.410973 0.331429 0.277249 0.541544
1 0.484569 0.360102 0.151496 0.277548 0.935598
1 0.557422 0.405087 0.37824 0.426686 0.952714
1 0.646244 0.366781 0.342871 0.37089 0.956067
1 0.441923 0.418656 0.310063 0.485858 0.946112
1 0.427024 0.424172 0.21902 0.362057 0.952826
1 0.561994 0.428876 0.205922 0.283695 0.942882
1 0.444078 0.318801 0.233192 0.253382 0.955736
1 0.403682 0.276582 0.365064 0.550902 0.964643
1 0.686421 0.508718 0.627158 0.766105 0.959284
5 0.412643 0.313325 0.257075 0.312438 0.918553
5 0.316195 0.442133 0.203263 0.403369 0.832163
5 0.214136 0.249708 0.251377 0.317935 0.922491
5 0.498648 0.481404 0.425003 0.477351 0.933045
5 0.495288 0.46876 0.401966 0.561767 0.928398
5 0.446939 0.381935 0.459445 0.67411 0.925541
5 0.523363 0.445869 0.358733 0.551143 0.927038
5 0.455193 0.427472 0.380442 0.483702 0.93527
5 0.545075 0.375556 0.378759 0.492598 0.943641
5 0.385838 0.493426 0.526697 0.577229 0.920423
4 0.0402302 0.436758 0.0791657 0.452352 0.726699
5 0.376439 0.484042 0.699812 0.768804 0.925668
5 0.494715 0.389522 0.306605 0.397547 0.913203
5 0.505223 0.368734 0.417254 0.600401 0.940909
9 0.490971 0.486648 0.233091 0.395319 0.946437
9 0.63163 0.372335 0.228819 0.330114 0.935159
9 0.471522 0.408373 0.340199 0.50953 0.953296
9 0.42686 0.461193 0.271228 0.40768 0.93457
5 0.430828 0.461979 0.271042 0.405535 0.896716
9 0.645201 0.430614 0.352604 0.510442 0.926833
5 0.647871 0.42576 0.348985 0.490559 0.563806
9 0.614756 0.475768 0.200816 0.25381 0.941763
9 0.532764 0.382326 0.214829 0.453188 0.952378
9 0.506482 0.394674 0.226865 0.32685 0.914321
9 0.506513 0.316161 0.228811 0.488649 0.724892
9 0.511192 0.299953 0.27362 0.302922 0.961438
9 0.460525 0.465063 0.244881 0.480635 0.945006
9 0.616994 0.414537 0.390551 0.479698 0.971894
9 0.58736 0.441044 0.340483 0.427585 0.959929
9 0.593929 0.413155 0.360689 0.372351 0.953419
17 0.457235 0.411216 0.315084 0.390827 0.939983
17 0.481795 0.449009 0.300672 0.375971 0.922182
17 0.516232 0.593351 0.246803 0.47719 0.932673
17 0.512066 0.403534 0.322588 0.351931 0.939421
17 0.35294 0.324294 0.254374 0.340975 0.91726
17 0.565657 0.332387 0.27251 0.3436 0.93297
17 0.475333 0.426737 0.40172 0.469458 0.928676
17 0.503653 0.418533 0.253143 0.372035 0.897856
17 0.447968 0.401037 0.275901 0.40218 0.931425
17 0.499236 0.478259 0.322588 0.634269 0.936906
17 0.500031 0.477259 0.500816 0.612518 0.950469
12 0.306568 0.610334 0.403061 0.475102 0.90074
12 0.515147 0.477972 0.545948 0.595062 0.9298
12 0.728266 0.780163 0.229129 0.230945 0.918663
12 0.291498 0.22202 0.249161 0.243509 0.895738
12 0.513273 0.578894 0.492419 0.642392 0.930448
12 0.513541 0.409084 0.499048 0.54994 0.929586
12 0.52645 0.472502 0.324519 0.546575 0.909496
12 0.488025 0.452378 0.433872 0.560039 0.927824
12 0.47576 0.44671 0.373867 0.436542 0.915131
19 0.534399 0.469553 0.418082 0.483453 0.946903
19 0.487123 0.492728 0.317027 0.340794 0.931511
19 0.469434 0.441434 0.463387 0.495084 0.952947
19 0.521114 0.462517 0.28252 0.520107 0.934494
19 0.540995 0.501336 0.541221 0.618706 0.963417
14 0.0628298 0.109853 0.0982506 0.219399 0.302849
19 0.463652 0.514114 0.402842 0.424563 0.947814
19 0.434407 0.53073 0.314664 0.433532 0.945014
19 0.38226 0.562933 0.252532 0.359168 0.924044
13 0.824052 0.115916 0.351897 0.231832 0.344839
19 0.501016 0.449542 0.29538 0.476098 0.945266
19 0.482992 0.521669 0.35774 0.445877 0.942145
19 0.472077 0.416595 0.442172 0.465309 0.954972
13 0.424772 0.450654 0.353086 0.388451 0.8865
16 0.559233 0.512553 0.298895 0.450725 0.817381
17 0.566122 0.507355 0.312082 0.456352 0.737761
13 0.505149 0.395387 0.4122 0.494219 0.903836
13 0.437518 0.473337 0.365593 0.447715 0.904982
13 0.504542 0.431899 0.221439 0.268046 0.87471
13 0.43783 0.358272 0.330141 0.413388 0.876639
13 0.462929 0.557737 0.236163 0.478389 0.76016
13 0.604074 0.432865 0.414815 0.665686 0.907882
13 0.526458 0.551315 0.430041 0.504806 0.922849
13 0.577736 0.522797 0.467208 0.477811 0.907254
13 0.467481 0.565643 0.384765 0.627769 0.90647
13 0.633349 0.59374 0.472761 0.733816 0.887256
15 0.946653 0.630241 0.106694 0.502858 0.698963
16 0.357398 0.22926 0.241675 0.327849 0.914757
4 0.358269 0.508705 0.135458 0.192801 0.846753
16 0.355456 0.754301 0.132434 0.17674 0.914886
16 0.720653 0.261914 0.210509 0.242118 0.905384
16 0.51434 0.477679 0.437439 0.441995 0.931556
16 0.432695 0.436821 0.464391 0.438434 0.935001
16 0.466176 0.472581 0.296545 0.450218 0.9426
16 0.437121 0.488322 0.408022 0.57749 0.954071
16 0.627935 0.511791 0.409902 0.524543 0.955053
16 0.430272 0.423439 0.35342 0.395794 0.939493
16 0.454269 0.410096 0.423325 0.554642 0.939174
16 0.639622 0.475758 0.367498 0.360747 0.934745
16 0.389579 0.2962 0.606175 0.591033 0.945013
16 0.429963 0.569929 0.405152 0.642217 0.944146
16 0.373201 0.578945 0.289765 0.642935 0.88974
16 0.454735 0.468297 0.222288 0.417344 0.9341
6 0.764339 0.494915 0.324231 0.455528 0.924397
6 0.661583 0.353317 0.335857 0.386445 0.937218
6 0.546951 0.432546 0.206192 0.282369 0.909424
6 0.407884 0.404652 0.410744 0.533419 0.949157
2 0.194098 0.0621591 0.123913 0.123502 0.883969
4 0.937831 0.355559 0.0666111 0.0847513 0.311124
6 0.366374 0.368063 0.214737 0.27084 0.916862
6 0.475734 0.434511 0.408955 0.431872 0.929368
6 0.511862 0.465332 0.29372 0.422261 0.924084
6 0.429559 0.362567 0.20601 0.302658 0.901678
6 0.425673 0.452734 0.347429 0.506508 0.938943
1 0.933378 0.384974 0.132757 0.294407 0.93651
6 0.501957 0.343078 0.36406 0.324007 0.859238
6 0.613349 0.203163 0.34757 0.262187 0.761605
6 0.615443 0.466508 0.49788 0.577634 0.93982
8 0.485983 0.425748 0.290116 0.359905 0.951169
8 0.463818 0.401872 0.269036 0.389659 0.946549
8 0.355322 0.439677 0.264806 0.410907 0.946357
8 0.486762 0.43681 0.36707 0.552743 0.934427
8 0.534946 0.397177 0.324981 0.409244 0.930097
8 0.449541 0.46596 0.325845 0.51202 0.936451
14 0.25109 0.0415363 0.143255 0.0830725 0.320745
8 0.525838 0.48722 0.330324 0.47555 0.948803
8 0.565653 0.514298 0.254585 0.40206 0.91275
3 0.864909 0.183122 0.270181 0.366244 0.812059
8 0.53279 0.442063 0.303729 0.362448 0.944312
8 0.346161 0.398449 0.692323 0.73294 0.939184
8 0.501252 0.459397 0.410331 0.513955 0.946131
8 0.491444 0.316242 0.252306 0.315097 0.934642
8 0.221132 0.367585 0.191749 0.237781 0.936726
8 0.404208 0.418796 0.343406 0.441354 0.943531
8 0.530049 0.366465 0.264725 0.323045 0.941267
10 0.52137 0.536362 0.234608 0.38297 0.942083
10 0.537309 0.409186 0.183705 0.284282 0.923934
10 0.553086 0.436567 0.260011 0.35695 0.934146
10 0.499178 0.404281 0.120936 0.490066 0.892573
0 0.451165 0.413099 0.247078 0.396707 0.947297
0 0.500863 0.42423 0.312477 0.445948 0.940847
0 0.519286 0.432497 0.394042 0.538512 0.951753
0 0.42895 0.356377 0.34946 0.421489 0.946096
0 0.552803 0.465149 0.327899 0.472538 0.938398
0 0.621858 0.537518 0.209555 0.50963 0.941695
0 0.532806 0.428063 0.237368 0.396427 0.955822
0 0.474441 0.378214 0.298423 0.442391 0.949762
18 0.542377 0.463075 0.278625 0.454103 0.889835
18 0.619616 0.440969 0.215632 0.364762 0.929429
18 0.438287 0.429142 0.223691 0.367021 0.947313
18 0.413664 0.475723 0.299023 0.43188 0.955479
18 0.460561 0.416155 0.258267 0.427549 0.930365
18 0.420589 0.367054 0.232931 0.342036 0.944304
18 0.480521 0.429734 0.326161 0.495805 0.941547
11 0.480509 0.51029 0.268175 0.545656 0.918541
11 0.541873 0.439993 0.335788 0.454879 0.923192
11 0.487917 0.424199 0.325555 0.443631 0.939525
11 0.470948 0.434038 0.277671 0.399486 0.92962
11 0.519718 0.458819 0.276846 0.395667 0.917918
11 0.603584 0.510591 0.140237 0.375494 0.661286
11 0.456161 0.604915 0.159843 0.383911 0.844624
11 0.525901 0.518243 0.267822 0.406493 0.922133
11 0.542173 0.468048 0.232166 0.333012 0.881277
11 0.402678 0.371643 0.425636 0.61139 0.959251
11 0.500273 0.460275 0.364397 0.518734 0.955946
11 0.494652 0.339933 0.255536 0.429094 0.856289
11 0.501059 0.509115 0.322489 0.446805 0.941141
14 0.829964 0.484438 0.204533 0.592841 0.700937
11 0.537082 0.475986 0.334404 0.525197 0.936094
11 0.526896 0.451635 0.336148 0.519412 0.929258
11 0.519339 0.504114 0.220207 0.346434 0.895023
